function [c,ceq]=inception(x)
	c=[];
x1=0.0000;
x2=0.0000;
TT=0.0000;
h=0.0100;
m=1.0000;
b=0.0200;
L=0.5000;
g=9.8100;
ceq=[x(1)-x1-h*x2;
	x(2)-x(1)-h*x(1000);
	x(3)-x(2)-h*x(1001);
	x(4)-x(3)-h*x(1002);
	x(5)-x(4)-h*x(1003);
	x(6)-x(5)-h*x(1004);
	x(7)-x(6)-h*x(1005);
	x(8)-x(7)-h*x(1006);
	x(9)-x(8)-h*x(1007);
	x(10)-x(9)-h*x(1008);
	x(11)-x(10)-h*x(1009);
	x(12)-x(11)-h*x(1010);
	x(13)-x(12)-h*x(1011);
	x(14)-x(13)-h*x(1012);
	x(15)-x(14)-h*x(1013);
	x(16)-x(15)-h*x(1014);
	x(17)-x(16)-h*x(1015);
	x(18)-x(17)-h*x(1016);
	x(19)-x(18)-h*x(1017);
	x(20)-x(19)-h*x(1018);
	x(21)-x(20)-h*x(1019);
	x(22)-x(21)-h*x(1020);
	x(23)-x(22)-h*x(1021);
	x(24)-x(23)-h*x(1022);
	x(25)-x(24)-h*x(1023);
	x(26)-x(25)-h*x(1024);
	x(27)-x(26)-h*x(1025);
	x(28)-x(27)-h*x(1026);
	x(29)-x(28)-h*x(1027);
	x(30)-x(29)-h*x(1028);
	x(31)-x(30)-h*x(1029);
	x(32)-x(31)-h*x(1030);
	x(33)-x(32)-h*x(1031);
	x(34)-x(33)-h*x(1032);
	x(35)-x(34)-h*x(1033);
	x(36)-x(35)-h*x(1034);
	x(37)-x(36)-h*x(1035);
	x(38)-x(37)-h*x(1036);
	x(39)-x(38)-h*x(1037);
	x(40)-x(39)-h*x(1038);
	x(41)-x(40)-h*x(1039);
	x(42)-x(41)-h*x(1040);
	x(43)-x(42)-h*x(1041);
	x(44)-x(43)-h*x(1042);
	x(45)-x(44)-h*x(1043);
	x(46)-x(45)-h*x(1044);
	x(47)-x(46)-h*x(1045);
	x(48)-x(47)-h*x(1046);
	x(49)-x(48)-h*x(1047);
	x(50)-x(49)-h*x(1048);
	x(51)-x(50)-h*x(1049);
	x(52)-x(51)-h*x(1050);
	x(53)-x(52)-h*x(1051);
	x(54)-x(53)-h*x(1052);
	x(55)-x(54)-h*x(1053);
	x(56)-x(55)-h*x(1054);
	x(57)-x(56)-h*x(1055);
	x(58)-x(57)-h*x(1056);
	x(59)-x(58)-h*x(1057);
	x(60)-x(59)-h*x(1058);
	x(61)-x(60)-h*x(1059);
	x(62)-x(61)-h*x(1060);
	x(63)-x(62)-h*x(1061);
	x(64)-x(63)-h*x(1062);
	x(65)-x(64)-h*x(1063);
	x(66)-x(65)-h*x(1064);
	x(67)-x(66)-h*x(1065);
	x(68)-x(67)-h*x(1066);
	x(69)-x(68)-h*x(1067);
	x(70)-x(69)-h*x(1068);
	x(71)-x(70)-h*x(1069);
	x(72)-x(71)-h*x(1070);
	x(73)-x(72)-h*x(1071);
	x(74)-x(73)-h*x(1072);
	x(75)-x(74)-h*x(1073);
	x(76)-x(75)-h*x(1074);
	x(77)-x(76)-h*x(1075);
	x(78)-x(77)-h*x(1076);
	x(79)-x(78)-h*x(1077);
	x(80)-x(79)-h*x(1078);
	x(81)-x(80)-h*x(1079);
	x(82)-x(81)-h*x(1080);
	x(83)-x(82)-h*x(1081);
	x(84)-x(83)-h*x(1082);
	x(85)-x(84)-h*x(1083);
	x(86)-x(85)-h*x(1084);
	x(87)-x(86)-h*x(1085);
	x(88)-x(87)-h*x(1086);
	x(89)-x(88)-h*x(1087);
	x(90)-x(89)-h*x(1088);
	x(91)-x(90)-h*x(1089);
	x(92)-x(91)-h*x(1090);
	x(93)-x(92)-h*x(1091);
	x(94)-x(93)-h*x(1092);
	x(95)-x(94)-h*x(1093);
	x(96)-x(95)-h*x(1094);
	x(97)-x(96)-h*x(1095);
	x(98)-x(97)-h*x(1096);
	x(99)-x(98)-h*x(1097);
	x(100)-x(99)-h*x(1098);
	x(101)-x(100)-h*x(1099);
	x(102)-x(101)-h*x(1100);
	x(103)-x(102)-h*x(1101);
	x(104)-x(103)-h*x(1102);
	x(105)-x(104)-h*x(1103);
	x(106)-x(105)-h*x(1104);
	x(107)-x(106)-h*x(1105);
	x(108)-x(107)-h*x(1106);
	x(109)-x(108)-h*x(1107);
	x(110)-x(109)-h*x(1108);
	x(111)-x(110)-h*x(1109);
	x(112)-x(111)-h*x(1110);
	x(113)-x(112)-h*x(1111);
	x(114)-x(113)-h*x(1112);
	x(115)-x(114)-h*x(1113);
	x(116)-x(115)-h*x(1114);
	x(117)-x(116)-h*x(1115);
	x(118)-x(117)-h*x(1116);
	x(119)-x(118)-h*x(1117);
	x(120)-x(119)-h*x(1118);
	x(121)-x(120)-h*x(1119);
	x(122)-x(121)-h*x(1120);
	x(123)-x(122)-h*x(1121);
	x(124)-x(123)-h*x(1122);
	x(125)-x(124)-h*x(1123);
	x(126)-x(125)-h*x(1124);
	x(127)-x(126)-h*x(1125);
	x(128)-x(127)-h*x(1126);
	x(129)-x(128)-h*x(1127);
	x(130)-x(129)-h*x(1128);
	x(131)-x(130)-h*x(1129);
	x(132)-x(131)-h*x(1130);
	x(133)-x(132)-h*x(1131);
	x(134)-x(133)-h*x(1132);
	x(135)-x(134)-h*x(1133);
	x(136)-x(135)-h*x(1134);
	x(137)-x(136)-h*x(1135);
	x(138)-x(137)-h*x(1136);
	x(139)-x(138)-h*x(1137);
	x(140)-x(139)-h*x(1138);
	x(141)-x(140)-h*x(1139);
	x(142)-x(141)-h*x(1140);
	x(143)-x(142)-h*x(1141);
	x(144)-x(143)-h*x(1142);
	x(145)-x(144)-h*x(1143);
	x(146)-x(145)-h*x(1144);
	x(147)-x(146)-h*x(1145);
	x(148)-x(147)-h*x(1146);
	x(149)-x(148)-h*x(1147);
	x(150)-x(149)-h*x(1148);
	x(151)-x(150)-h*x(1149);
	x(152)-x(151)-h*x(1150);
	x(153)-x(152)-h*x(1151);
	x(154)-x(153)-h*x(1152);
	x(155)-x(154)-h*x(1153);
	x(156)-x(155)-h*x(1154);
	x(157)-x(156)-h*x(1155);
	x(158)-x(157)-h*x(1156);
	x(159)-x(158)-h*x(1157);
	x(160)-x(159)-h*x(1158);
	x(161)-x(160)-h*x(1159);
	x(162)-x(161)-h*x(1160);
	x(163)-x(162)-h*x(1161);
	x(164)-x(163)-h*x(1162);
	x(165)-x(164)-h*x(1163);
	x(166)-x(165)-h*x(1164);
	x(167)-x(166)-h*x(1165);
	x(168)-x(167)-h*x(1166);
	x(169)-x(168)-h*x(1167);
	x(170)-x(169)-h*x(1168);
	x(171)-x(170)-h*x(1169);
	x(172)-x(171)-h*x(1170);
	x(173)-x(172)-h*x(1171);
	x(174)-x(173)-h*x(1172);
	x(175)-x(174)-h*x(1173);
	x(176)-x(175)-h*x(1174);
	x(177)-x(176)-h*x(1175);
	x(178)-x(177)-h*x(1176);
	x(179)-x(178)-h*x(1177);
	x(180)-x(179)-h*x(1178);
	x(181)-x(180)-h*x(1179);
	x(182)-x(181)-h*x(1180);
	x(183)-x(182)-h*x(1181);
	x(184)-x(183)-h*x(1182);
	x(185)-x(184)-h*x(1183);
	x(186)-x(185)-h*x(1184);
	x(187)-x(186)-h*x(1185);
	x(188)-x(187)-h*x(1186);
	x(189)-x(188)-h*x(1187);
	x(190)-x(189)-h*x(1188);
	x(191)-x(190)-h*x(1189);
	x(192)-x(191)-h*x(1190);
	x(193)-x(192)-h*x(1191);
	x(194)-x(193)-h*x(1192);
	x(195)-x(194)-h*x(1193);
	x(196)-x(195)-h*x(1194);
	x(197)-x(196)-h*x(1195);
	x(198)-x(197)-h*x(1196);
	x(199)-x(198)-h*x(1197);
	x(200)-x(199)-h*x(1198);
	x(201)-x(200)-h*x(1199);
	x(202)-x(201)-h*x(1200);
	x(203)-x(202)-h*x(1201);
	x(204)-x(203)-h*x(1202);
	x(205)-x(204)-h*x(1203);
	x(206)-x(205)-h*x(1204);
	x(207)-x(206)-h*x(1205);
	x(208)-x(207)-h*x(1206);
	x(209)-x(208)-h*x(1207);
	x(210)-x(209)-h*x(1208);
	x(211)-x(210)-h*x(1209);
	x(212)-x(211)-h*x(1210);
	x(213)-x(212)-h*x(1211);
	x(214)-x(213)-h*x(1212);
	x(215)-x(214)-h*x(1213);
	x(216)-x(215)-h*x(1214);
	x(217)-x(216)-h*x(1215);
	x(218)-x(217)-h*x(1216);
	x(219)-x(218)-h*x(1217);
	x(220)-x(219)-h*x(1218);
	x(221)-x(220)-h*x(1219);
	x(222)-x(221)-h*x(1220);
	x(223)-x(222)-h*x(1221);
	x(224)-x(223)-h*x(1222);
	x(225)-x(224)-h*x(1223);
	x(226)-x(225)-h*x(1224);
	x(227)-x(226)-h*x(1225);
	x(228)-x(227)-h*x(1226);
	x(229)-x(228)-h*x(1227);
	x(230)-x(229)-h*x(1228);
	x(231)-x(230)-h*x(1229);
	x(232)-x(231)-h*x(1230);
	x(233)-x(232)-h*x(1231);
	x(234)-x(233)-h*x(1232);
	x(235)-x(234)-h*x(1233);
	x(236)-x(235)-h*x(1234);
	x(237)-x(236)-h*x(1235);
	x(238)-x(237)-h*x(1236);
	x(239)-x(238)-h*x(1237);
	x(240)-x(239)-h*x(1238);
	x(241)-x(240)-h*x(1239);
	x(242)-x(241)-h*x(1240);
	x(243)-x(242)-h*x(1241);
	x(244)-x(243)-h*x(1242);
	x(245)-x(244)-h*x(1243);
	x(246)-x(245)-h*x(1244);
	x(247)-x(246)-h*x(1245);
	x(248)-x(247)-h*x(1246);
	x(249)-x(248)-h*x(1247);
	x(250)-x(249)-h*x(1248);
	x(251)-x(250)-h*x(1249);
	x(252)-x(251)-h*x(1250);
	x(253)-x(252)-h*x(1251);
	x(254)-x(253)-h*x(1252);
	x(255)-x(254)-h*x(1253);
	x(256)-x(255)-h*x(1254);
	x(257)-x(256)-h*x(1255);
	x(258)-x(257)-h*x(1256);
	x(259)-x(258)-h*x(1257);
	x(260)-x(259)-h*x(1258);
	x(261)-x(260)-h*x(1259);
	x(262)-x(261)-h*x(1260);
	x(263)-x(262)-h*x(1261);
	x(264)-x(263)-h*x(1262);
	x(265)-x(264)-h*x(1263);
	x(266)-x(265)-h*x(1264);
	x(267)-x(266)-h*x(1265);
	x(268)-x(267)-h*x(1266);
	x(269)-x(268)-h*x(1267);
	x(270)-x(269)-h*x(1268);
	x(271)-x(270)-h*x(1269);
	x(272)-x(271)-h*x(1270);
	x(273)-x(272)-h*x(1271);
	x(274)-x(273)-h*x(1272);
	x(275)-x(274)-h*x(1273);
	x(276)-x(275)-h*x(1274);
	x(277)-x(276)-h*x(1275);
	x(278)-x(277)-h*x(1276);
	x(279)-x(278)-h*x(1277);
	x(280)-x(279)-h*x(1278);
	x(281)-x(280)-h*x(1279);
	x(282)-x(281)-h*x(1280);
	x(283)-x(282)-h*x(1281);
	x(284)-x(283)-h*x(1282);
	x(285)-x(284)-h*x(1283);
	x(286)-x(285)-h*x(1284);
	x(287)-x(286)-h*x(1285);
	x(288)-x(287)-h*x(1286);
	x(289)-x(288)-h*x(1287);
	x(290)-x(289)-h*x(1288);
	x(291)-x(290)-h*x(1289);
	x(292)-x(291)-h*x(1290);
	x(293)-x(292)-h*x(1291);
	x(294)-x(293)-h*x(1292);
	x(295)-x(294)-h*x(1293);
	x(296)-x(295)-h*x(1294);
	x(297)-x(296)-h*x(1295);
	x(298)-x(297)-h*x(1296);
	x(299)-x(298)-h*x(1297);
	x(300)-x(299)-h*x(1298);
	x(301)-x(300)-h*x(1299);
	x(302)-x(301)-h*x(1300);
	x(303)-x(302)-h*x(1301);
	x(304)-x(303)-h*x(1302);
	x(305)-x(304)-h*x(1303);
	x(306)-x(305)-h*x(1304);
	x(307)-x(306)-h*x(1305);
	x(308)-x(307)-h*x(1306);
	x(309)-x(308)-h*x(1307);
	x(310)-x(309)-h*x(1308);
	x(311)-x(310)-h*x(1309);
